Jacobi Method Result
     1      0.600000     2.272727    -1.100000     1.875000
     2      1.047273     1.715909    -0.805227     0.885227
     3      0.932636     2.053306    -1.049341     1.130881
     4      1.015199     1.953696    -0.968109     0.973843
     5      0.988991     2.011415    -1.010286     1.021351
     6      1.003199     1.992241    -0.994522     0.994434
     7      0.998128     2.002307    -1.001972     1.003594
     8      1.000625     1.998670    -0.999036     0.998888
     9      0.999674     2.000448    -1.000369     1.000619
    10      1.000119     1.999768    -0.999828     0.999786
    11      0.999942     2.000085    -1.000068     1.000109
    12      1.000022     1.999959    -0.999969     0.999960
    13      0.999990     2.000016    -1.000013     1.000019

Gauss-Seidel Method Result
     1      0.600000     2.327273    -0.987273     0.878864
     2      1.030182     2.036938    -1.014456     0.984341
     3      1.006585     2.003555    -1.002527     0.998351
     4      1.000861     2.000298    -1.000307     0.999850
     5      1.000091     2.000021    -1.000031     0.999988
     6      1.000008     2.000001    -1.000003     0.999999

Successive Over-Relaxation (SOR) Result
     1      0.750000     2.926136    -1.196733     0.785134
     2      1.227450     1.845206    -1.053887     1.117856
     3      0.937260     1.985267    -0.957953     0.984012
     4      1.003332     2.014290    -1.011557     0.995493
     5      1.003843     1.997087    -0.998999     1.002649
     6      0.998425     1.999760    -0.999555     0.999520
     7      1.000253     2.000303    -1.000196     0.999947
     8      1.000024     1.999923    -0.999973     1.000054
     9      0.999978     2.000002    -0.999994     0.999987

